0 0.371875 0.671875 0.0671875 0.05390625
0 0.4515625 0.6859375 0.07265625 0.059375
0 0.43984375 0.60703125 0.09296875 0.07265625
0 0.50703125 0.65 0.071875 0.08828125
0 0.590625 0.56953125 0.08046875 0.06875
0 0.35390625 0.5984375 0.05703125 0.078125
0 0.31015625 0.44296875 0.0453125 0.0765625
0 0.5625 0.61015625 0.078125 0.059375
0 0.51640625 0.56171875 0.07890625 0.0453125
0 0.62578125 0.6125 0.0765625 0.071875
0 0.353125 0.54296875 0.0734375 0.04296875
0 0.35859375 0.72578125 0.08046875 0.06328125